url_path,views_total,views_unique
/thomaspoignant/go-feature-flag,481,281
/thomaspoignant/go-feature-flag/tree/main/examples,153,35
/thomaspoignant/go-feature-flag/issues,78,28
/thomaspoignant/go-feature-flag/tree/main/cmd/relayproxy,49,10
/thomaspoignant/go-feature-flag/pulls,35,14
/thomaspoignant/go-feature-flag/tree/main/examples/demo,34,12
/thomaspoignant/go-feature-flag/tree/main/cmd,29,6
/thomaspoignant/go-feature-flag/tree/main/examples/retriever_file,23,8
/thomaspoignant/go-feature-flag/tree/main,22,11
/thomaspoignant/go-feature-flag/tree/main/retriever,21,5
