referrer,views_total,views_unique
Google,275,104
github.com,136,43
chatgpt.com,29,11
registry.hub.docker.com,26,2
reddit.com,25,17
DuckDuckGo,19,5
jira.imprivata.com,16,1
hub.docker.com,10,2
pypi.org,10,2
pkg.go.dev,10,2
